%YAML:1.0

#--------------------------------------------------------------------------------------------
# Camera Parameters. Adjust them!
#--------------------------------------------------------------------------------------------
# Camera calibration and distortion parameters (OpenCV) 
Camera.fx: 3.2969442817311250e+02
Camera.fy: 3.2969442817311250e+02
Camera.cx: 5.2709648036956787e+02
Camera.cy: 2.9321308112144470e+02

Camera.k1: 0.0
Camera.k2: 0.0
Camera.p1: 0.0
Camera.p2: 0.0
Camera.k3: 0.0

Camera.width: 1024
Camera.height: 768

# Camera frames per second 
Camera.fps: 15.0

# stereo baseline 
Camera.b: 0.12

# stereo baseline times fx
Camera.bf: 39.593313808

# Color order of the images (0: BGR, 1: RGB. It is ignored if images are grayscale)
Camera.RGB: 1

# Close/Far threshold. Baseline times.
ThDepth: 35

#--------------------------------------------------------------------------------------------
# Stereo Rectification. Only if you need to pre-rectify the images.
# Camera.fx, .fy, etc must be the same as in LEFT.P
#--------------------------------------------------------------------------------------------
LEFT.height: 768
LEFT.width: 1024
LEFT.D: !!opencv-matrix
   rows: 1
   cols: 8
   dt: d
   data: [ -1.8343517806304543e-01, 5.6671620453449437e-02, 0., 0., 0.,
       0., 0., 1.2907106257527999e-02 ]
LEFT.K: !!opencv-matrix
   rows: 3
   cols: 3
   dt: d
   data: [ 3.7708508267870513e+02, 0., 5.2455323867242328e+02, 0.,
       3.7708508267870513e+02, 3.5526686799575822e+02, 0., 0., 1. ]
LEFT.R:  !!opencv-matrix
   rows: 3
   cols: 3
   dt: d
   data: [ 8.6974483316792239e-01, -4.9328174404859698e-01,-1.4732486758081677e-02, 4.8171965598406163e-01,
       8.4211757202527870e-01, 2.4245446567313775e-01,
       -1.0719187570100579e-01, -2.1797044725059378e-01,
       9.7005091923521014e-01 ]
LEFT.P:  !!opencv-matrix
   rows: 3
   cols: 4
   dt: d
   data: [ 3.2969442817311250e+02, 0., 5.2709648036956787e+02, 0., 0.,
       3.2969442817311250e+02, 2.9321308112144470e+02, 0., 0., 0., 1.,
       0. ]

RIGHT.height: 768
RIGHT.width: 1024
RIGHT.D: !!opencv-matrix
   rows: 1
   cols: 8
   dt: d
   data: [ -2.5649659330378011e-01, 1.2118079390969644e-01, 0., 0., 0.,
       0., 0., 3.3556842709085488e-02 ]
RIGHT.K: !!opencv-matrix
   rows: 3
   cols: 3
   dt: d
   data: [ 3.7708508267870513e+02, 0., 4.8610960191433907e+02, 0.,
       3.7708508267870513e+02, 3.6687885775659913e+02, 0., 0., 1. ]
RIGHT.R:  !!opencv-matrix
   rows: 3
   cols: 3
   dt: d
   data: [ 8.6066870124456696e-01, -5.0433233573195235e-01,
       -6.9987726303569475e-02, 5.0865172894966526e-01,
       8.5781182311223825e-01, 7.3704102771651764e-02,
       2.2864936792090292e-02, -9.9034192398440191e-02,
       9.9482130224552512e-01 ]
RIGHT.P:  !!opencv-matrix
   rows: 3
   cols: 4
   dt: d
   data: [ 3.2969442817311250e+02, 0., 5.2709648036956787e+02, 0., 0.,
       3.2969442817311250e+02, 2.9321308112144470e+02,
       -4.5172234943273828e+01, 0., 0., 1., 0. ]

#--------------------------------------------------------------------------------------------
# Ranging sensors
#--------------------------------------------------------------------------------------------
Ranging.Tag.tagCameraPos: !!opencv-matrix
    rows: 3
    cols: 1
    dt: f
    data: [0.0, -0.095, 0.0]
    
Ranging.Anchor.anchorBasePos: !!opencv-matrix
    rows: 3
    cols: 1
    dt: f
    data: [0.0, 0.0, 0.275]
    
Ranging.Anchor.anchorWorldPos: !!opencv-matrix
    rows: 3
    cols: 1
    dt: f
    data: [0.0, 0.0, 0.0]

#--------------------------------------------------------------------------------------------
# ORB Parameters
#--------------------------------------------------------------------------------------------

# ORB Extractor: Number of features per image
ORBextractor.nFeatures: 3000 #1000

# ORB Extractor: Scale factor between levels in the scale pyramid 	
ORBextractor.scaleFactor: 1.2

# ORB Extractor: Number of levels in the scale pyramid	
ORBextractor.nLevels: 8

# ORB Extractor: Fast threshold
# Image is divided in a grid. At each cell FAST are extracted imposing a minimum response.
# Firstly we impose iniThFAST. If no corners are detected we impose a lower value minThFAST
# You can lower these values if your images have low contrast			
ORBextractor.iniThFAST: 12
ORBextractor.minThFAST: 7

#--------------------------------------------------------------------------------------------
# Viewer Parameters
#--------------------------------------------------------------------------------------------
Viewer.KeyFrameSize: 0.6
Viewer.KeyFrameLineWidth: 2
Viewer.GraphLineWidth: 1
Viewer.PointSize: 2
Viewer.CameraSize: 0.7
Viewer.CameraLineWidth: 3
Viewer.ViewpointX: 0
Viewer.ViewpointY: -100
Viewer.ViewpointZ: -0.1
Viewer.ViewpointF: 2000

