%YAML:1.0
R: !!opencv-matrix
   rows: 3
   cols: 3
   dt: d
   data: [ 9.9333539143395322e-01, 2.7301800803322927e-02,
       1.1197951508044024e-01, -2.4338609391101596e-02,
       9.9931870963741354e-01, -2.7744344676386694e-02,
       -1.1266069508778226e-01, 2.4834013801849290e-02,
       9.9332312947037904e-01 ]
T: !!opencv-matrix
   rows: 3
   cols: 1
   dt: d
   data: [ -1.1475049199901384e-01, 3.4494713650378735e-04,
       5.4403337368709162e-03 ]
R1: !!opencv-matrix
   rows: 3
   cols: 3
   dt: d
   data: [ 9.9762474802354972e-01, 2.3094358570210791e-02,
       6.4896168863650364e-02, -2.2222946579097812e-02,
       9.9965335401779820e-01, -1.4117806001962819e-02,
       -6.5199714541487500e-02, 1.2642088561508502e-02,
       9.9779215010968669e-01 ]
R2: !!opencv-matrix
   rows: 3
   cols: 3
   dt: d
   data: [ 9.9887352867946622e-01, -3.0026761318846474e-03,
       -4.7356706383349892e-02, 3.6365923347040957e-03,
       9.9990486471387963e-01, 1.3305514560117328e-02,
       4.7312248938546284e-02, -1.3462743314990935e-02,
       9.9878942006952187e-01 ]
P1: !!opencv-matrix
   rows: 3
   cols: 4
   dt: d
   data: [ -2.2462388483284283e+02, 0., -1.3035603012084961e+04, 0., 0.,
       -2.2462388483284283e+02, 9.7681445159912109e+03, 0., 0., 0., 1.,
       0. ]
P2: !!opencv-matrix
   rows: 3
   cols: 4
   dt: d
   data: [ -2.2462388483284283e+02, 0., -1.3035603012084961e+04,
       2.5804769632222225e+01, 0., -2.2462388483284283e+02,
       9.7681445159912109e+03, 0., 0., 0., 1., 0. ]
Q: !!opencv-matrix
   rows: 4
   cols: 4
   dt: d
   data: [ 1., 0., 0., 1.3035603012084961e+04, 0., 1., 0.,
       -9.7681445159912109e+03, 0., 0., 0., -2.2462388483284283e+02, 0.,
       0., 8.7047428841355234e+00, 0. ]
