%YAML:1.0
M1: !!opencv-matrix
   rows: 3
   cols: 3
   dt: d
   data: [ 3.7708508267870513e+02, 0., 5.2455323867242328e+02, 0.,
       3.7708508267870513e+02, 3.5526686799575822e+02, 0., 0., 1. ]
D1: !!opencv-matrix
   rows: 1
   cols: 8
   dt: d
   data: [ -1.8343517806304543e-01, 5.6671620453449437e-02, 0., 0., 0.,
       0., 0., 1.2907106257527999e-02 ]
M2: !!opencv-matrix
   rows: 3
   cols: 3
   dt: d
   data: [ 3.7708508267870513e+02, 0., 4.8610960191433907e+02, 0.,
       3.7708508267870513e+02, 3.6687885775659913e+02, 0., 0., 1. ]
D2: !!opencv-matrix
   rows: 1
   cols: 8
   dt: d
   data: [ -2.5649659330378011e-01, 1.2118079390969644e-01, 0., 0., 0.,
       0., 0., 3.3556842709085488e-02 ]
