image_width: 640
image_height: 480
camera_name: narrow_stereo
camera_matrix:
  rows: 3
  cols: 3
  data: [534.125049, 0.000000, 307.412534, 0.000000, 533.627466, 273.763666, 0.000000, 0.000000, 1.000000]
distortion_model: plumb_bob
distortion_coefficients:
  rows: 1
  cols: 5
  data: [-0.219558, 0.126076, 0.007135, -0.004624, 0.000000]
rectification_matrix:
  rows: 3
  cols: 3
  data: [1.000000, 0.000000, 0.000000, 0.000000, 1.000000, 0.000000, 0.000000, 0.000000, 1.000000]
projection_matrix:
  rows: 3
  cols: 4
  data: [495.893036, 0.000000, 302.099811, 0.000000, 0.000000, 506.615784, 278.564856, 0.000000, 0.000000, 0.000000, 1.000000, 0.000000]
