%YAML: 1.0

#--------------------------------------------------------------------------------------------
# Camera Parameters. Adjust them!
#--------------------------------------------------------------------------------------------
# Camera calibration and distortion parameters (OpenCV) 
Camera.fx: 3.2729368583775323e+02
Camera.fy: 3.2729368583775323e+02
Camera.cx: 5.2335696697235107e+02
Camera.cy: 2.9287106657028198e+02

Camera.k1: 0.0
Camera.k2: 0.0
Camera.p1: 0.0
Camera.p2: 0.0
Camera.k3: 0.0

Camera.width: 1024
Camera.height: 768

# Camera frames per second 
Camera.fps: 20.0

# stereo baseline 
Camera.b: 0.12

# stereo baseline times fx
Camera.bf: 64.30408308

# Color order of the images (0: BGR, 1: RGB. It is ignored if images are grayscale)
Camera.RGB: 1

# Close/Far threshold. Baseline times.
ThDepth: 35

#--------------------------------------------------------------------------------------------
# Stereo Rectification. Only if you need to pre-rectify the images.
# Camera.fx, .fy, etc must be the same as in LEFT.P
#--------------------------------------------------------------------------------------------
LEFT.height: 768
LEFT.width: 1024
LEFT.D: !!opencv-matrix
   rows: 1
   cols: 5
   dt: d
   data: [ -1.4245003930271465e+00, 7.5529686594736967e-01, 0., 0., 0.,
       0., 0., -1.5934180023503219e+00 ]
LEFT.K: !!opencv-matrix
   rows: 3
   cols: 3
   dt: d
   data: [ 1.1074114393404250e+03, 0., 5.1278355077054891e+02, 0.,
       1.1074114393404250e+03, 3.8447021707236138e+02, 0., 0., 1. ]
LEFT.R:  !!opencv-matrix
   rows: 3
   cols: 3
   dt: d
   data: [ 8.6925947598232467e-01, -4.9413025894005375e-01,
       -1.4941573369963608e-02, 4.8241623707879305e-01,
       8.4127468962432872e-01, 2.4399071867640251e-01,
       -1.0799322949922531e-01, -2.1929930186237495e-01,
       9.6966245600466705e-01 ]
LEFT.P:  !!opencv-matrix
   rows: 3
   cols: 4
   dt: d
   data: [ 3.2729368583775323e+02, 0., 5.2335696697235107e+02, 0., 0.,
       3.2729368583775323e+02, 2.9287106657028198e+02, 0., 0., 0., 1.,
       0. ]

RIGHT.height: 768
RIGHT.width: 1024
RIGHT.D: !!opencv-matrix
   rows: 1
   cols: 5
   dt: d
   data: [ -1.1097756358475763e+00, 5.9899229021518618e-01, 0., 0., 0.,
       0., 0., -7.1537483865806023e-02 ]
RIGHT.K: !!opencv-matrix
   rows: 3
   cols: 3
   dt: d
   data: [ 1.1074114393404250e+03, 0., 5.3222236673226371e+02, 0.,
       1.1074114393404250e+03, 5.2411696950713690e+02, 0., 0., 1. ]
RIGHT.R:  !!opencv-matrix
   rows: 3
   cols: 3
   dt: d
   data: [ 8.6032059297509211e-01, -5.0485713059330195e-01,
       -7.0482302687154469e-02, 5.0923525522646029e-01,
       8.5742345929096786e-01, 7.4192090494552110e-02,
       2.2976773869014928e-02, -9.9721056686176479e-02,
       9.9475010867853875e-01 ]
RIGHT.P:  !!opencv-matrix
   rows: 3
   cols: 4
   dt: d
   data: [ 3.2729368583775323e+02, 0., 5.2335696697235107e+02, 0., 0.,
       3.2729368583775323e+02, 2.9287106657028198e+02,
       -4.5104768792031282e+03, 0., 0., 1., 0. ]

#--------------------------------------------------------------------------------------------
# Ranging sensors
#--------------------------------------------------------------------------------------------
Ranging.Tag.tagCameraPos: !!opencv-matrix
    rows: 3
    cols: 1
    dt: f
    data: [0.0, -0.095, 0.0]
    
Ranging.Anchor.anchorBasePos: !!opencv-matrix
    rows: 3
    cols: 1
    dt: f
    data: [0.0, 0.0, 0.275]
    
Ranging.Anchor.anchorWorldPos: !!opencv-matrix
    rows: 3
    cols: 1
    dt: f
    data: [0.0, 0.0, 0.0]

#--------------------------------------------------------------------------------------------
# ORB Parameters
#--------------------------------------------------------------------------------------------

# ORB Extractor: Number of features per image
ORBextractor.nFeatures: 3000 #1000

# ORB Extractor: Scale factor between levels in the scale pyramid 	
ORBextractor.scaleFactor: 1.2

# ORB Extractor: Number of levels in the scale pyramid	
ORBextractor.nLevels: 8

# ORB Extractor: Fast threshold
# Image is divided in a grid. At each cell FAST are extracted imposing a minimum response.
# Firstly we impose iniThFAST. If no corners are detected we impose a lower value minThFAST
# You can lower these values if your images have low contrast			
ORBextractor.iniThFAST: 12
ORBextractor.minThFAST: 7

#--------------------------------------------------------------------------------------------
# Viewer Parameters
#--------------------------------------------------------------------------------------------
Viewer.KeyFrameSize: 0.6
Viewer.KeyFrameLineWidth: 2
Viewer.GraphLineWidth: 1
Viewer.PointSize: 2
Viewer.CameraSize: 0.7
Viewer.CameraLineWidth: 3
Viewer.ViewpointX: 0
Viewer.ViewpointY: -100
Viewer.ViewpointZ: -0.1
Viewer.ViewpointF: 2000

